snap(13,-9,-40)
sky(198,201,255)
fog(209,184,174)
clouds(255,255,255,10,-1156)
ground(198,187,165)
texture(138,78,63,23)
fadefrom(8000)
density(4)
mountains(98102)
nlaps(7)
soundtrack(elo,addictuprising.mod)

name(Vigor)

desc(yes i mixed this yes i was forced to fix walls)
xstart(4,350,-350,350,-350)
zstart(4,0,0,-760,-760)
ystart(4,250,250,250,250)
xstart(6,350,-350,350,-350,350,-350)
zstart(6,760,760,0,0,-760,-760)
ystart(6,250,250,250,250,250,250)
xstart(8,350,-350,350,-350,350,-350,350,-350)
zstart(8,760,760,0,0,-760,-760,-1520,-1520)
ystart(8,250,250,250,250,250,250,250,250)'


set(47,0,0,0)p
set(10,0,5600,0)p
set(23,0,10214,180)
set(23,0,19200,0)
set(10,0,26989,0)
set(10,0,32589,180)
chk(40,0,32589,0)r
set(14,0,37139,-90)pt
set(10,-4550,37139,90)
set(26,-6000,37139,90)pr
set(10,-10150,37139,90)p
set(37,-10000,37239,90)
set(37,-11000,37039,90)
set(37,-12000,37239,90)
set(10,-15750,37139,90)p
set(37,-13000,37039,90)
set(37,-14000,37239,90)
set(37,-15000,37039,90)
set(10,-21350,37139,90)p
set(14,-25900,37139,0)
chk(40,-24150,37139,90)r
set(10,-25900,32589,0)p
set(10,-25900,26989,0)
set(10,-25900,17061,0)
set(29,-25900,22025,0)pr
set(38,-25900,16000,0)
set(10,-25900,11461,0)p
set(38,-25900,14000,0)
set(38,-25900,12000,0)
set(38,-25900,10000,0)
set(10,-25900,5861,0)
set(38,-25900,8000,0)
set(38,-25900,6000,0)
set(10,-25900,0,0)
set(33,-25900,3000,180)pr
set(10,-25900,-5600,0)p
set(14,-25900,-10150,90)
chk(40,-25900,-8400,0)r
set(10,-21350,-10150,90)p
set(10,-17500,-10150,90)p
set(14,-12950,-10150,180)pt
set(10,-12950,-5600,180)
set(26,-12950,-4384,0)pr
set(20,-12950,0,180)p
set(15,-12950,5600,0)p
set(15,-12950,10106,0)p
set(17,-12950,14656,0)pt
set(15,-8400,14656,90)p
set(44,-2800,14656,90)
set(35,-3000,14656,90)pr
set(44,2800,14656,-90)
set(35,3000,14656,90)pr
set(15,8400,14656,90)p
set(17,12950,14656,180)
chk(42,12950,16941,0)r
set(15,12950,19206,180)
set(15,12950,24806,180)
set(15,12950,32589,180)
set(15,12950,26989,180)
set(33,12950,23524,180)pr
set(15,9450,32589,0)
set(33,12950,32444,180)pr
set(17,9450,37139,0)
chk(42,11114,37039,90)r
set(17,12950,37139,-90)pt
set(15,9450,26989,0)
set(33,12950,28240,180)pr
set(15,9450,21389,0)
set(24,9450,18589,180)
set(34,9450,20052,180)pr
set(24,9450,10214,0)
set(44,9450,7414,0)
set(33,9450,10214,180)pr
set(44,9450,0,180)
set(20,9450,-5600,180)p
set(14,9450,-10150,180)pt
set(10,4900,-10150,90)p
set(10,4550,-10150,90)
chk(40,2979,-10150,90)r
set(14,0,-10150,90)pt
set(10,0,-5600,0)p
set(10,0,7414,0)
set(26,0,11200,0)pr
set(16,-6000,5600,0)
set(15,-6000,0,0)
set(24,-6000,-2800,180)
set(15,-6000,28000,0)
set(24,-6000,30800,0)
set(16,-6000,22400,0)
set(30,0,20880,180)pl
set(24,-6000,19600,180)
set(15,-12950,22400,0)
set(16,-12950,28000,0)
set(24,-12950,30800,0)
set(15,-19900,28000,0)
set(15,-19900,22400,0)
set(16,-19900,16800,180)
set(15,-19900,11200,0)
set(15,-19900,5600,0)
set(16,-19900,0,0)
set(24,-19900,-2800,180)
set(24,-6000,8400,0)
set(24,-19900,30800,0)
set(24,-12950,19600,180)
set(43,9450,3725,0)
set(33,9450,1440,180)pr
set(33,9450,6185,180)

maxr(12,16000,-10000)
maxb(10,-12400,-27200)
maxt(10,40400,-27200)
maxl(12,-29600,-10000)

stagemaker(Addict)
publish(1)

