snap(-36,-19,-14)
sky(192,222,0)
fog(198,216,0)
clouds(165,255,130,2,-859)
ground(152,211,0)
polys(142,201,0)
texture(0,0,0,50)
fadefrom(8000)
density(5)
mountains(96062)
nlaps(2)
soundtrack(custom,breakthsesedited.mp3)
lightson()

name(Bamboo Cascades)

aerial()
xstart(1,0)
zstart(1,-900)
xstart(2,0,0)
zstart(2,-900,-900)
xstart(3,0,0,0)
zstart(3,-900,-900,-900)
xstart(4,0,0,0,0)
zstart(4,-900,-900,-900,-900)
xstart(5,0,0,0,0,0)
zstart(5,-900,-900,-900,-900,-900)
xstart(6,0,0,0,0,0,0)
zstart(6,900,-900,-900,-900,-900,-900)
xstart(7,0,0,0,0,0,0,0)
zstart(7,-900,-900,-900,-900,-900,-900,-900)
xstart(8,0,0,0,0,0,0,0,0)
zstart(8,-900,-900,-900,-900,-900,-900,-900,-900)


set(47,0,0,0)p
set(10,0,5600,0)
set(45,0,7930,0,6800)
set(23,0,9610,180)
set(46,0,13021,0,12417)
set(46,0,18621,0,12417)
set(45,0,23101,180,12417)p
set(10,0,25932,0)
set(10,0,31532,0)
set(10,0,37132,0)
set(12,1520,42762,-30)
set(14,3040,47342,0)pt
set(10,7590,47342,90)p
set(10,13190,47342,90)
set(23,20979,47342,90)
set(10,32392,47342,-90)p
set(10,37992,47342,-90)p
set(23,40792,47342,90)p
set(10,48604,46724,-90)p
set(14,53154,46724,-90)pt
set(10,53154,42174,0)p
set(12,51634,36544,-30)p
set(13,51634,30884,30)p
set(14,53154,26304,180)pt
set(10,48604,26304,-90)p
set(10,43004,26304,-90)p
set(10,37404,26304,90)
set(12,31774,27824,60)p
set(10,26144,29344,-90)p
set(45,20035,29344,90)
set(45,16675,29344,-90)
set(23,13366,29344,-90)
set(20,-13250,29344,-90)p
set(44,-18850,29344,-90)p
set(43,-24450,29344,-90)p
set(44,-30050,29344,90)p
set(15,-35650,29344,90)p
set(17,-40200,29344,90)pt
set(15,-40200,33894,180)p
set(17,-40200,38444,0)pt
set(15,-35650,38444,90)p
set(17,-31100,38444,180)pt
set(15,-31100,42994,180)p
set(17,-31100,47544,0)pt
set(15,-26550,47544,90)p
set(23,45804,46724,-90)p
set(10,37992,45842,-90)p
set(37,35725,47725,0)
set(10,32392,45842,-90)p
set(37,35725,45375,0)
set(23,21004,45842,90)
set(10,13215,45842,90)
set(23,10415,45842,-90)p
set(46,2800,51742,0,11251)p
set(46,2800,57342,0,11251)
chk(40,2800,58683,0,11834)r
set(46,4800,59428,-90,11251)p
set(46,10400,59428,-90,11251)p
set(46,3518,60828,90,11251)p
set(46,9028,60828,90,11251)p
set(46,14628,60828,90,11251)p
set(46,20228,60828,90,11251)
set(46,20228,62228,90,11251)
chk(40,18914,62228,90,11834)r
set(46,14628,62228,90,11251)p
set(49,16028,62928,-90,11834)
set(49,18828,62928,-90,11834)
set(46,9028,62228,-90,11251)p
set(49,13228,62928,-90,11834)
set(49,10428,62928,-90,11834)
set(46,3517,62228,90,12417)p
set(46,3428,62228,90,11834)p
set(49,7628,62928,-90,11834)
set(46,0,58765,0,12417)p
set(46,0,53749,0,12417)p
set(23,0,23132,0)p
set(46,0,13830,180,2050)
set(46,0,7421,0,12417)
set(46,0,1821,180,6217)p
set(10,0,-11342,180)
set(23,0,-8542,180)
set(45,0,-8259,0,6800)
set(38,0,-9290,180)
set(12,-14920,-10350,-30)
set(13,-14920,-4690,30)
set(54,-17140,-3930,180)
set(10,-16440,940,0)
set(14,-16440,5490,-90)
set(10,-20990,5490,-90)
set(10,-26590,5490,-90)
set(10,-32190,5490,-90)
set(10,-37790,5490,-90)
set(10,-43390,5490,90)
set(10,-48990,5490,90)
set(14,-53540,5490,90)
set(12,-52020,10070,-30)
set(10,-50500,15700,0)
set(10,-50500,21300,0)
set(23,-50500,24100,180)
set(20,-53500,29694,180)
set(15,-53500,35294,0)
set(15,-53500,40894,0)
set(35,-53072,38778,0)
set(35,-53960,40850,0)
set(16,-53500,46494,0)
set(15,-53500,52094,0)
set(17,-53500,56644,0)
set(15,-48950,56644,-90)
set(15,-43350,56644,-90)
set(33,-42318,56292,180)
set(37,-42318,57051,180)
set(15,-37750,56644,-90)
set(33,-36855,57150,180)
set(37,-36855,56259,180)
set(15,-32150,56644,-90)
set(15,-26550,56644,-90)
set(33,-30175,56644,90)
set(17,-22000,56644,-90)
set(15,-22000,52094,180)
set(17,-22000,47544,180)
set(23,-10450,29344,90)
set(12,26762,48862,-120)
set(23,23932,50382,-90)
set(46,23600,54563,180,11251)
set(46,23600,60163,180,11251)
set(13,26762,44322,-60)
set(23,23932,42802,-90)
set(45,23600,46791,0,10668)
set(45,23600,50280,0,11251)
set(46,25000,54563,180,11251)
set(46,25000,60163,180,11251)
set(49,21628,62928,-90,11834)ph
set(49,25700,58763,180,11834)
set(49,25700,55963,180,11834)
set(49,25700,61563,180,11834)
set(37,25388,61371,-90,13484)
set(37,25000,61371,180,14184)
set(37,24622,61371,0,13484)
set(58,24622,63642,180,11834)
set(58,25388,63642,180,11834)
set(46,1400,58738,180,11251)
set(46,1400,53138,180,11251)
set(45,1400,47029,180,11834)
set(46,1400,31349,180,11834)
set(46,1400,25749,180,11834)
set(45,1400,17501,180,12417)
set(46,1400,13021,0,12417)
set(46,-1400,13021,0,12417)
set(45,3791,12530,90,10668)
set(10,0,5600,0)
set(46,0,13830,180,2633)
set(49,3050,13900,180,13600)
set(35,0,11030,0,3900)
set(35,0,11030,0,3500)
set(35,0,11030,0,3100)
set(35,0,11030,0,2700)
set(35,0,11030,0,2300)
set(35,0,11030,0,4300)pr
set(46,-1400,7421,0,12417)
set(49,-3050,11125,0,13600)
set(46,1400,7421,0,12417)
set(49,3050,11100,180,13600)
set(61,2700,11125,180)
set(45,-1400,17501,180,12417)
set(49,-3050,13900,0,13600)
set(61,2700,13925,180)
set(10,3040,28425,180)
set(32,2690,28990,0)
set(10,3040,34025,180)
set(23,3040,36825,180)
set(46,0,58765,720,11834)
set(46,0,53749,720,11834)
set(46,0,48149,720,11834)
set(46,0,42549,720,11834)
set(46,0,36949,720,11834)
set(46,0,31349,720,11834)
set(32,3390,31225,0)pr
set(46,0,25749,720,11834)
set(46,-6432,-30792,180,6217)
set(46,-7832,-30792,180,6217)
set(10,-4550,-31730,90)
set(57,-6108,-25998,0,6070)
set(46,-6432,-16068,180,8919)
set(46,-7832,-16068,180,8919)
set(45,0,-24448,0,6800)
set(10,0,-21580,180)
set(38,0,-21290,180)
set(58,-6108,-22713,0,6070)
set(59,-6108,-19616,0,6070)
set(46,-6432,-10468,0,8919)
set(46,-7832,-10468,0,8919)
set(49,-5732,-9068,180,9502)
set(49,-5732,-11868,180,9502)
set(23,-13400,-18520,180)
set(23,-13400,-18520,0)
set(59,-8112,-19616,0,6070)
set(58,-8112,-22713,0,6070)
set(57,-8112,-25998,0,6070)
set(46,-7832,-36392,180,6217)
set(46,-6432,-36392,180,6217)
set(57,-6892,-25998,0,6070)
set(58,-6892,-22713,0,6070)
set(59,-6892,-19616,0,6070)
set(59,-7336,-19616,0,6070)
set(58,-7336,-22713,0,6070)
set(57,-7336,-25998,0,6070)
set(46,-1400,1821,0,6217)
set(49,-2100,3221,0,6800)
set(49,-2100,421,0,6800)
set(46,-1400,23610,180,11834)
set(46,-1400,26360,180,11834)
set(38,0,30000,180)
set(23,-1400,34149,180,12417)
set(31,-1400,30840,180,12417)pr
set(46,1400,23610,180,11834)
set(46,23600,40682,180,10085)
set(46,23600,35082,180,10085)
set(46,24540,24520,180,10085)
set(46,24540,24260,180,10085)
set(46,24540,18660,180,10085)
set(46,24540,13238,180,10085)
set(46,21100,11130,-90,10085)
set(46,15500,11130,-90,10085)
set(46,9900,11130,-90,10085)
set(46,-9900,11130,-90,10085)
set(46,-15500,11130,-90,10085)
set(46,-21100,11130,-90,10085)
set(46,-15500,12530,-90,10085)
set(46,-9900,12530,-90,10085)
set(46,-4300,12530,-90,10085)
set(50,0,9880,0)pr
set(30,0,12713,540,2050)
set(30,0,12713,180,2633)pl
set(46,9900,12530,-90,10085)
set(46,15500,12530,-90,10085)
set(46,21100,12530,-90,10085)
chk(40,19490,12530,90,10668)r
set(46,21100,13930,-90,10085)
set(46,15500,13930,-90,10085)
set(49,18300,10430,90,10668)
set(46,9900,13930,-90,10085)
set(46,-9900,13930,-90,10085)
set(49,-8500,14630,-90,10668)
set(46,-15500,13930,-90,10085)
set(49,-11300,14630,-90,10668)
set(49,-14100,14630,-90,10668)
set(46,-21100,13930,-90,10085)
set(46,-26700,13930,-90,10085)
set(46,-32300,13930,-90,10085)
set(46,-35530,11825,0,10085)
set(46,-35530,6225,0,10085)
set(46,-35530,625,180,10085)
set(46,-36855,6225,0,10085)
set(46,-36855,11825,0,10085)
set(46,-38255,6225,0,10085)
set(29,-42754,5490,-90)
set(46,-38255,625,180,10085)
set(49,-38955,4986,0,10668)
set(46,-38255,-4975,180,10085)
chk(40,-38255,-4400,0,10668)r
set(46,-36194,-8371,-90,10085)
set(45,-31714,-8371,90,10085)
set(45,-28614,-8371,90,9502)
set(46,-22505,-8371,-90,8919)
set(46,-16905,-8371,-90,8919)
set(54,-17140,-5640,180)
set(46,-11305,-8371,-90,8919)
set(46,-11305,-9686,-90,8919)
set(49,-7105,-7671,-90,9502)
set(49,-9905,-7671,-90,9502)
set(32,-13450,-7500,180)
chk(40,-9680,-9152,90,9502)r
set(46,-16905,-9686,-90,8919)
set(49,-15505,-10386,90,9502)
set(54,-17140,-9805,180)
set(54,-17140,-7635,180)
set(46,-22505,-9686,-90,8919)
set(49,-18305,-10386,90,9502)
set(49,-18305,-7671,-90,9502)
set(49,-21105,-10386,90,9502)
set(49,-21105,-7671,-90,9502)
set(45,-28614,-9686,90,9502)
set(49,-23905,-7671,-90,9502)
set(49,-23905,-10386,90,9502)
set(45,-31714,-9686,90,10085)
set(46,-36194,-9686,-90,10085)
set(49,-37594,-10386,90,10668)
set(49,-34794,-10386,90,10668)
set(46,-36855,-4975,180,10085)
set(49,-38955,-6214,0,10668)
set(49,-38955,-9014,0,10668)
set(46,-36855,625,180,10085)
set(49,-38955,2186,0,10668)
set(49,-38955,-3414,0,10668)
set(49,-38955,-614,0,10668)
set(46,-34220,3480,0,10085)
set(46,-34220,9080,0,10085)
set(46,-32300,12530,-90,10085)
set(46,-26700,12530,-90,10085)
set(46,-21100,12530,-90,10085)
set(49,-16900,14630,-90,10668)
set(28,-26064,11130,90,10668)
set(46,-38255,11825,180,10668)
set(49,-38955,7625,0,10668)
set(61,-1400,9329,-90)
set(61,1400,9329,-90)
set(61,-1400,9329,-90,6800)
set(61,-1400,9329,-90,3400)
set(61,1400,9329,-90,6800)
set(61,1400,9329,-90,3400)
set(46,25000,48963,180,11251)
set(49,25700,50363,180,11834)
set(49,22900,53163,0,11834)
set(49,25700,53163,180,11834)
set(30,19299,47342,-90)pl
set(38,25000,51929,180,11834)
set(46,25000,43363,180,10668)
set(49,22900,42082,0,10668)
set(49,25700,47563,180,11834)
set(30,19324,45842,-90)
set(46,25000,37763,180,10085)
set(38,25000,40780,180,11251)
set(46,25000,35082,180,10085)
set(49,22900,39282,0,10668)
set(49,25700,38880,180,10668)
set(49,25700,36080,180,10668)
set(46,24784,29849,175,10085)
set(46,24080,29920,175,10085)
set(46,23160,24240,180,10085)
set(46,23160,18640,180,10085)
set(46,23160,13468,180,10085)
set(49,25240,17438,180,10668)
set(49,23900,10430,90,10668)
set(49,25240,11838,180,10668)
set(49,25240,14638,180,10668)
set(49,21100,10430,90,10668)
set(46,23160,24440,180,10085)
set(46,23404,29829,175,10085)
set(61,2700,11125,180,3400)
set(61,2700,13925,180,3400)
set(61,2700,13925,180,6800)
set(61,2700,11125,180,6800)
set(61,2700,13925,180,10200)
set(61,2700,11125,180,10200)
set(61,-1400,15750,-90)
set(61,-1400,15750,-90,3400)
set(61,-1400,15750,-90,6800)
set(61,1400,15750,-90)
set(61,1400,15750,-90,3400)
set(61,1400,15750,-90,6800)
set(61,-2700,13925,180,3400)
set(61,-2700,11125,180,3400)
set(61,-2700,13925,180,6800)
set(61,-2700,11125,180,6800)
set(61,-2700,11125,180)
set(61,-2700,13925,180)
set(61,-2700,13925,0,10200)
set(61,-2700,11125,0,10200)
set(23,0,-2800,0)
set(46,1400,36949,720,11834)
set(49,-700,37645,0,12417)
set(38,0,34000,180)
set(46,1400,42549,720,11834)
set(49,-700,40445,0,12417)ph
set(49,-700,43245,0,12417)
set(46,0,23610,720,11834)
set(49,-2100,22210,0,12417)
set(49,2100,25010,180,12417)
set(49,2100,22210,180,12417)
set(49,-2100,24960,0,12417)
set(46,0,-14368,180,6217)
set(46,-1400,-14368,180,6217)
set(46,0,-30557,180,6217)
set(46,-1400,-30557,180,6217)
set(46,-1400,-36157,0,6217)
set(46,0,-36157,0,6217)
set(46,-2048,-39604,90,6217)
set(46,-2048,-40884,90,6217)
set(49,700,-40163,180,6800)
set(49,-648,-41584,90,6800)
set(49,700,-37363,180,6800)
chk(40,-3940,-40315,90,6800)r
set(46,-5744,-39604,90,6217)
set(46,-5780,-40884,90,6217)
set(49,-8532,-37422,0,6800)
set(49,-7180,-41584,90,6800)
set(49,-8532,-40222,0,6800)
set(49,-4380,-41584,90,6800)
set(49,-1580,-41584,90,6800)
set(23,3040,25625,0)
set(32,3390,26774,0)
set(38,0,26000,180)
set(23,40792,45842,90)
set(37,40200,45400,0)
set(37,40200,47725,0)
set(23,18160,31530,90)
set(23,18160,31530,90)
set(23,18160,27210,90)
set(10,15360,27210,-90)
set(23,12560,27210,-90)
set(10,15360,31530,-90)
set(23,12560,31530,-90)
set(31,14851,31530,90)
set(31,14851,27210,90)pr
set(24,-11200,23036,90)
set(15,-8400,23036,90)
set(24,-5600,23036,-90)
set(34,-8388,23036,90)
set(24,-5428,35644,-90)
chk(40,3040,45882,0)r
set(15,-8228,35644,90)
set(24,-11028,35644,90)
set(34,-8164,35644,90)
set(23,38900,28972,90)
chk(40,51404,46724,90)r
set(23,38900,28972,-90)
set(26,39114,28972,90)pr
chk(40,50114,33714,0)r
set(24,-36420,42800,0)
chk(42,-40200,34060,0)r
set(24,-36420,42800,180)
set(24,-26120,42780,0)
chk(42,-31100,43020,0)r
set(24,-26120,42780,180)
set(24,-16907,49985,180)
set(15,-16907,52785,180)
chk(42,-22000,51670,0)r
set(24,-16907,55585,0)
set(10,-53500,24094,180)
set(10,-56500,24094,180)
set(23,-56500,26894,180)
chk(42,-53500,54293,0)r
set(23,-56500,16305,0)
set(23,-55000,16305,0)
set(23,-53500,16305,0)
set(30,-53500,19614,0)
set(30,-55000,19614,0)
set(30,-56500,19614,0)
chk(40,-53540,6900,0)r
set(10,0,-15980,180)
set(49,-2100,-12968,0,6800)
set(49,-2100,-15768,0,6800)
set(38,0,-13290,180)
set(38,0,-17290,180)
set(10,-16440,-27180,180)
set(14,-16440,-31730,90)
set(10,-11890,-31730,90)
set(10,-6290,-31730,90)
set(14,0,-31730,180)
set(23,45581,20940,90)
set(56,43383,20940,90)
set(57,40582,20940,90)
set(60,37791,20940,90)
set(60,34991,20940,90)
set(57,32200,20940,-90)
set(23,27201,20940,-90)
set(56,29399,20940,-90)
set(57,35000,20940,-90,1700)
set(57,37872,20940,90,1700)
set(23,-16440,-13180,0)
chk(40,-18906,5490,90)r
set(23,-16440,-24380,180)
chk(40,-16440,-29980,0)r
set(23,-16440,-18580,180)
set(23,-16440,-18580,0)
set(61,-16440,-18490,180)
set(61,-13400,-18580,0)
set(10,0,-27180,0)
set(38,0,-25290,180)
chk(40,-1750,-31730,90)r
set(23,-1750,-5000,0)
set(23,1750,-5000,180)
set(23,-1750,-5000,180)
set(23,1750,-5000,0)
set(57,-1400,-3844,-90)
set(57,1400,-3844,90)
set(69,-34198,3036,90)
set(69,-29573,3036,180)
set(69,-25075,3036,0)
set(69,-34273,8253,90)
set(69,-29590,8199,-90)
set(69,-24780,8310,0)
set(69,-34238,8251,90,500)
set(69,-29635,8167,180,500)
set(69,-24837,8192,-90,500)
set(69,-25034,3004,0,500)
set(69,-29571,2986,90,500)
set(69,-34180,3028,180,500)

maxl(24,-61918,-43301)
maxb(25,-45701,-59518)
maxr(24,58082,-43301)
maxt(25,69499,-59518)

stagemaker(Skryze)
publish(1)

