snap(-19,-12,0)
sky(55,55,55)
fog(2550,2550,2550)
clouds(255,255,255,0,-500)
ground(43,225,225)
polys(40,222,222)
texture(635,655,0,20)
fadefrom(8000)
density(5)
mountains(95390)
nlaps(1)
soundtrack(custom,_the_skies_above_.xm)

name(Mind Breaker)

aerial()
desc(This track will break your mind - are you up to the challenge?\nIf you've never beaten 10thgraves' Extended Mode "Race of the \nCentury"... you're in for a rough ride.\nBreaker Champions: {Ultimato, Viz, ACV, Toa, EJ, Eximianic, Skryze,\nGlowMaster78, Mute, Platinum, TheKingSon}[Updated: May 23])


set(47,0,0,0)p
set(10,0,5600,0)
chk(40,0,8400,0)r
set(10,0,11200,0)
set(10,0,16800,0)
set(23,0,18989,180)
set(46,0,89375,0,27000)
set(46,-640,170340,180,7000)p
set(46,-640,175940,180,7000)
chk(40,0,173495,0,7583)r
set(46,-640,276057,0,10000)
chk(40,0,275562,0,10583)r
set(46,-640,311200,0,13000)
chk(40,11,313037,0,13583)r
set(46,-640,346175,0,16000)
set(46,-640,355600,0,16000)
chk(40,-20,355532,0,16583)r
set(46,-640,390917,0,20000)p
set(46,-640,396517,0,20000)p
set(46,600,390917,0,20000)p
set(46,600,355600,0,16000)p
set(46,600,346175,0,16000)
set(46,600,304600,0,13000)p
set(46,600,276057,0,10000)p
set(46,600,175940,180,7000)p
set(46,600,170340,180,7000)p
set(10,0,5600,0)p
set(12,1520,11230,-30)
set(13,-1520,11230,30)
set(10,-3040,16860,0)
set(10,-3040,22460,0)p
set(23,-3040,27467,180)
set(46,-3040,40933,0,2000)
set(46,-3040,46533,0,2000)
set(31,-3040,52642,0,2583)pr
set(46,-3324,164872,0,7000)p
set(46,-4562,219528,0,7000)
set(58,-4192,224124,0,5900)pr
set(59,-4192,227221,0,5900)pr
set(58,-4192,232754,0,7600)pr
set(59,-4192,235851,0,7600)pr
set(45,-7623,242483,180,14000)
set(58,-4192,241384,0,9300)pr
set(59,-4192,244481,0,9300)pr
set(61,-4192,246720,0,9300)pr
set(46,-4800,259320,0,10000)p
set(46,-5440,268890,0,17000)
set(49,-5320,266600,90,17583)
set(49,-6140,267490,0,17583)ph
set(46,-6080,295322,0,17000)p
set(46,-6285,337630,0,15000)p
set(46,-6285,347745,0,19600)p
set(46,-6285,353345,0,19600)p
set(46,-6285,358945,0,16000)p
set(46,-6285,364545,0,18400)
set(46,-6285,364636,180,16000)
set(46,-6285,377662,0,16373)
set(28,-6285,372698,0,16816)pr
set(46,-6285,383262,0,16373)p
set(46,-6285,388862,180,16373)p
set(46,-6285,394462,180,16373)p
set(46,-7623,394462,180,16373)p
set(46,-10771,406403,180,17000)
set(33,-13885,408394,0,17500)
set(33,-12728,408394,0,17500)
set(33,-11540,408394,0,17500)pr
set(46,-18172,408394,-90,17000)
set(33,-16076,409704,-90,17500)
set(33,-14916,408394,0,17500)
set(33,-16080,410896,-90,17500)pr
set(46,-15975,421300,180,17000)
set(33,-16050,418078,-90,17500)pr
set(46,-15975,426900,180,18000)p
set(46,-17350,432495,180,19000)p
set(46,-9706,437265,90,19000)
chk(40,-9706,437265,90,19583)r
set(46,-4106,435897,90,19000)p
set(46,600,435150,0,19000)p
set(13,-4560,11170,30)
set(10,-3040,5540,0)
set(23,-3040,2740,0)
set(10,3040,5540,0)
set(12,4560,11170,-30)
set(10,6080,16800,0)
set(10,3040,16860,0)
set(10,-6080,16800,0)
set(30,0,15680,180)pl
set(23,3040,2740,0)
set(23,0,-2800,0)
set(10,-6080,22400,0)
set(10,3040,22460,0)
set(10,6080,22400,0)
set(46,-6080,40933,0,2000)
set(30,-6080,39813,540,2000)pl
set(46,3040,40933,0,2000)
set(30,-3040,39813,180,2000)
set(46,6080,40933,0,2000)
set(30,3040,39813,180,2000)
set(30,6080,39813,180,2000)
set(46,-6080,46533,0,2000)
set(31,-6080,52642,0,2583)
set(46,3040,46533,0,2000)
set(31,3040,52642,0,2583)
set(46,6080,46533,0,2000)
set(31,6080,52642,0,2583)
set(46,-4562,65314,0,5000)
set(30,-4562,64194,180,5000)
set(46,4580,65314,0,5000)
set(46,-4562,70914,0,5000)
set(46,4580,70914,0,5000)
set(46,-4562,76514,0,5000)
set(46,4580,76514,0,5000)
set(45,-4562,80994,180,5000)
set(45,4580,82452,0,5583)
set(46,-4562,87103,0,4417)
set(46,4580,86932,0,5583)
set(50,0,85095,180,27583)pr
set(46,-4562,92703,0,4417)
set(46,4580,92532,0,5583)
set(45,-4562,98812,0,5000)
set(45,-4562,102132,0,5583)
set(45,4580,97012,180,5583)
set(45,4580,100503,180,5000)
set(58,-4612,46596,-90,1000)
set(58,4520,46596,90,1000)
set(23,-6080,27467,180)
set(23,3040,27467,180)
set(23,6080,27467,180)
set(10,-6080,24667,0)
set(27,-6080,28375,0)
set(10,-3040,24667,0)
set(27,-3040,28375,0)pr
set(10,3040,24667,0)
set(27,3040,28375,0)
set(10,6080,24667,0)
set(27,6080,28375,0)
set(46,-4562,106612,180,5583)
set(46,4580,106612,180,4417)
set(46,-4562,117980,180,5583)
set(46,4580,117980,180,4417)
set(37,3550,115340,0,15583)
set(46,-4562,129180,180,5583)
set(27,-4562,132728,0,6166)
set(37,-8190,129370,0,20583)
set(46,4580,129180,180,4417)
set(27,4580,132728,0,5000)
set(46,-4562,141516,0,8000)
set(46,4580,141516,0,7000)
set(46,-4562,152716,0,8000)
set(46,4580,152716,0,7000)
set(46,-4562,182720,0,7000)
set(46,-4562,188320,0,7000)
set(46,-4562,201004,90,7000)
set(46,-4562,207244,90,7000)
set(46,-4562,213928,0,7000)
set(46,4580,201004,90,7000)
set(46,4580,207244,90,7000)
set(46,4580,213928,0,7000)
set(46,4580,219528,0,7000)
set(58,-4800,224124,0,5900)
set(58,4276,224124,0,5900)
set(58,4852,224124,0,5900)
set(59,-4800,227221,0,5900)
set(59,4276,227221,0,5900)
set(59,4852,227221,0,5900)
set(58,-4800,232754,0,7600)
set(58,4276,232754,0,7600)
set(58,4852,232754,0,7600)
set(59,-4800,235851,0,7600)
set(59,4276,235851,0,7600)
set(59,4852,235851,0,7600)
set(46,4580,182720,0,7000)
set(46,4580,188320,0,7000)
set(46,3284,164872,0,7000)
set(58,-4800,241384,0,9300)
set(58,4276,241384,0,9300)
set(58,4852,241384,0,9300)
set(59,-4800,244481,0,9300)
set(59,4276,244481,0,9300)
set(59,4852,244481,0,9300)
set(61,-4800,246720,0,9300)
set(61,4276,246720,0,9300)
set(61,4852,246720,0,9300)
set(46,4852,259320,0,10000)
set(46,-4562,194940,90,7000)
set(46,4580,194940,90,7000)
set(46,-2000,317800,0,13000)
set(46,-4165,344225,-90,19600)
set(46,4120,344225,-90,16000)
set(46,-4165,344225,-90,18400)
set(46,4120,344225,-90,17200)
set(46,4120,344225,-90,19600)
set(46,-4165,344225,-90,17200)
set(26,-3565,343945,180,20183)pr
set(26,-4975,343948,180,20183)
set(46,-4165,366670,90,18400)
set(46,4120,366670,90,18400)
set(46,6248,347745,180,19600)
set(46,6248,353345,180,19600)
set(46,6248,358945,180,19600)
set(46,6248,364545,180,19600)
set(46,-10500,332767,0,17500)
set(46,-10500,312223,0,17000)
set(46,-12439,243683,0,15000)
set(46,-10439,171398,0,32000)
set(46,-11322,131837,0,20000)
set(46,4470,407600,0,20000)
chk(40,-20336,408394,90,17583)r
set(46,5920,414600,0,20000)
set(46,5470,418200,0,19000)
set(46,6850,418200,0,19000)
set(49,5915,419235,-90,20583)
set(58,-4541,46596,90,1000)
set(58,4566,46596,-90,1000)
set(46,-1850,270457,0,10000)
set(46,1980,270460,0,10000)
set(46,1435,344225,-90,17200)
set(46,1435,344225,-90,19600)
set(46,1435,344225,-90,18400)
set(26,-2163,343945,180,20183)pr
set(46,4120,344225,-90,18400)
set(26,2207,343962,180,20183)
set(26,3612,343962,180,20183)
set(26,5000,343962,180,20183)
set(46,4120,366670,90,19600)
set(46,-4165,366670,90,19600)
chk(40,-6285,386062,0,16956)r
set(46,-6285,358945,0,19600)
set(46,-6285,353345,0,16000)
set(46,-6285,364545,180,19600)
set(46,-6285,347745,180,16000)
fix(41,-6285,345216,-16583,0)
chk(40,-6285,345216,0,18983)r
set(46,6248,364545,180,16000)
set(46,6248,358945,180,16000)
set(46,6248,353345,180,16000)
set(46,6248,347745,180,16000)
chk(40,6830,344225,90,18983)r
set(46,-6285,347745,180,18400)
set(46,-6285,353345,180,17200)
set(46,-6285,353345,180,18400)
set(46,-6285,358945,180,17200)
set(46,-6285,358945,180,18400)
set(46,-4165,366670,90,17200)
set(46,-4165,366670,90,16000)
set(28,-6285,371160,0,17243)
set(28,-6285,369600,0,17674)pr
set(46,4120,366670,90,17200)
chk(40,6248,367300,0,17783)r
set(46,4120,366670,90,16000)
set(31,600,369084,0,16583)
set(31,-640,369084,0,16583)
set(46,6248,364545,0,17200)
set(46,6248,358945,0,17200)
set(30,6398,363425,180,18400)
set(30,6398,363425,180,18983)
set(46,6248,353345,0,17200)
set(46,6248,347745,0,17200)
set(46,6248,347745,0,18400)
set(26,6398,343962,180,20183)
set(46,-6285,364340,180,17200)
set(28,-6285,368100,0,18113)
set(28,-6285,366500,0,18540)
chk(40,-6900,366670,90,17783)r
set(46,4276,431150,0,19000)
set(46,-8580,324480,0,18000)
set(46,-10290,306000,90,17000)
set(46,-10290,301360,90,17000)
set(46,-5790,295480,90,17000)
set(46,8050,284020,90,17000)
fix(41,12460,275420,-17633,0)
set(46,12460,275420,0,17000)
set(46,6040,266940,90,17000)
set(46,-1640,269940,0,17000)
set(49,-1150,271340,180,17583)
set(46,-11140,264290,90,17000)
set(46,-7623,259848,180,14000)
set(46,-12439,240083,0,15000)
set(31,-12439,233974,180,15583)
set(31,-11101,244936,90,14000)
set(46,-4696,327568,90,16000)
set(31,600,329509,0,13583)
set(46,-2163,335532,180,16500)
set(31,-640,329509,0,13583)
set(46,-6968,340564,-90,17000)
set(26,-6370,343945,180,20183)
chk(40,-6285,345216,0,16583)r
set(46,-10216,332732,0,15500)
fix(41,-8580,323680,-18683,0)
chk(40,-8580,323680,0,18583)r
set(46,-12439,159230,0,28000)
set(46,-15975,145935,0,23000)
set(46,-12287,174616,90,32000)
set(46,-12287,175968,90,32000)
set(46,-15975,142335,0,23000)
set(46,-5712,125772,0,17000)
set(46,13866,98630,0,10000)
set(46,13866,104230,0,10000)
set(45,5715,70368,90,10583)
set(30,4580,64194,180,5000)
set(45,-8845,70368,-90,10583)
set(46,-12623,99050,0,10000)
set(46,-13563,102737,0,10583)
set(45,-9530,116330,0,10583)
set(45,-12010,112240,90,10583)
set(45,10704,70368,90,10000)
set(45,13180,74435,0,10000)
set(46,13180,78915,0,10000)
set(45,-11322,72816,0,10583)
set(45,-11322,76176,180,10583)
set(46,-8580,264406,180,17000)
set(45,-11322,88745,180,10000)
set(31,-11322,83756,180,10583)
set(11,-7623,259848,180,14583)
set(51,-8580,260320,0,15000)
set(11,-10290,306000,-90,17583)
set(49,-9021,302607,90,17583)
chk(40,-6080,296522,0,17583)r
set(46,-5901,112240,90,10000)
set(46,-912,112240,90,12583)
set(49,2070,112272,180,12583)
set(31,0,106000,180,13166)
set(31,208,112240,-90,10583)
set(31,0,107629,0,18166)
set(31,0,106000,180,23166)
set(46,-240,119380,90,15000)
chk(40,12460,273018,0,17583)r
set(46,7110,112480,90,13500)
set(49,5710,111780,90,14083)
set(49,8510,111780,90,14083)
set(46,13866,114980,0,12000)
set(37,11460,114980,180,14083)
chk(40,-13940,264290,90,17583)r
set(46,-1565,70368,180,10583)
chk(40,-7623,258848,0,14583)r
set(58,0,46596,-90,1000)
chk(40,-7623,240803,0,14583)r
set(58,0,46596,90,1000)
chk(40,-12439,246483,0,15583)r
chk(40,-12439,174198,0,32583)r
fix(41,-15975,145135,-23633,0)
chk(40,-15975,145135,0,23583)r
chk(40,13866,97780,0,10583)r
fix(41,-11154,70368,-10633,90)
chk(40,-12154,70368,90,10583)r
chk(40,-9530,117323,0,11166)r
chk(40,-3712,112240,90,13166)r
chk(40,0,84100,0,29610)r
set(37,-3275,122510,0,17583)
set(37,-15256,153395,0,28000)
set(37,-13885,153395,0,28000)
set(37,-15256,153395,0,29600)
set(37,-13885,153395,0,29600)
set(37,-14090,137940,0,23583)
set(37,-12439,165476,0,31590)
set(33,-16080,412100,-90,17500)
set(33,-16066,414499,-90,17500)
set(33,-16066,413311,-90,17500)
set(31,-12839,185735,180,30000)
set(31,2690,289770,-90,17000)
set(31,600,289766,0,10583)
set(31,-640,289766,0,10583)
set(31,-12600,218080,180,21000)
set(31,-11900,202400,180,27000)
set(33,13874,94097,90,10500)
set(33,13874,92874,90,10500)
set(33,13874,91656,90,10500)
set(33,13874,90407,90,10500)
set(33,13875,89150,90,10500)
set(33,13888,87957,90,10500)
set(33,13888,86744,90,10500)
set(33,-16066,416849,-90,17500)
set(33,-16066,415688,-90,17500)
set(49,-8323,254648,0,14583)
set(49,-6923,254648,180,14583)
set(49,-12439,165476,90,30500)
set(49,-2820,352216,-90,19000)
set(49,-20,352216,-90,16183)
set(49,2780,352216,-90,19000)
set(49,-2820,352216,-90,17500)
set(49,-20,352216,-90,19000)
set(49,2780,352216,-90,16183)
set(49,-2820,352216,-90,16183)
set(49,2780,352216,-90,17500)
set(49,-12500,165780,90,32500)
set(49,-23,104203,90,15166)
set(49,-155,109417,-90,20166)

maxl(93,-21468,-3070)
maxb(8,-5470,-19068)
maxr(93,16931,-3070)
maxt(8,440930,-19068)

stagemaker(Turbo)
publish(1)

