snap(-45,-55,-70)
sky(355,355,355)
fog(204,180,153)
clouds(255,255,255,5,-1000)
ground(330,330,330)
polys(325,325,325)
texture(0,0,0,50)
fadefrom(8000)
density(5)
mountains(29346)
nlaps(3)
soundtrack(elo,catchtherabbit.mp3)
lightson()

name(Catch the Rabbit)

xstart(4,350,-350,350,-350)
zstart(4,0,0,-760,-760)
ystart(4,250,250,250,250)
xstart(6,350,-350,350,-350,350,-350)
zstart(6,760,760,0,0,-760,-760)
ystart(6,250,250,250,250,250,250)
xstart(8,350,-350,350,-350,350,-350,350,-350)
zstart(8,760,760,0,0,-760,-760,-1520,-1520)
ystart(8,250,250,250,250,250,250,250,250)

amodel(singlewallroad,eNqll91uozAQhe95ilwSCYTH0JZKUd8FBVRFm0IU6G7Tp19DwD78jyES0YDsT+dMZsYhvfx134Q4OumlvLnvz+B6yTM3OjplVeTZubim7tH5vBffeZqlLglRr78XSf3Yqe7J+U9Zr3ZOTfzhnF2K3rz2UiuT9EftaoJfN1LBKWhX6i1p8qVgeVH9S65XFf08Gi3NVgk7VfCoH1S/rrqrHs33k86C+lZUOUVV7mLhtVfnDmBqo0+EO5vP6dZsfVHbnled0jqZR+fmCk94fih1GDVPaRSHjaLbh8ZFL157Ic4nAPqIGYYjIE+fjIwmjHfoe2KGoY0+el3VVy9h4HwC4KI+A7QnxpoST/AWEzj0GxuL8ZRbzs8hlqUJtjCxLEvYZAxCrWSPJCNjTtCaIvwJx5KYBWZAc6KYhTDWZIrTRBZVZVRB30Bo1UHY4FO6mOPCoOZ1MQfFWJcZhpHYpQvmNIQGFQSH8pJmpYbiKVIvlzDtpepeGP29m3ZVv4nGsHpPuE7rlvX88ml90YLBEsiatqaPE54uibrCoTF9Ize4lOBM7nQpwZmcdGlhk5BMG2wSxybxbBLHJtnrAuzQ7iaS7I6Cze4EnhpjZ0HgLLY3djd24GB2MKohXCO1a9bzNEHqSRUer9jDeT/dLGTpwTIPB266WFo7g6qWe5xBRcspZ2xrWFVkbY1WrfWLe9YbrXoja0HTbbuV029aXs+utayhqJZVn0Ne5Ics/czmsL4Z+/omEqPXK593bvk4aQdoMbqRG2jUe+vYQCOgzbwkEIuEKcMkYczLFxoMB7v1v0xrEiaHrEnraYJS+w9QIne5,)

set(47,0,0,0)p
set(10,0,5600,0)
set(10,0,11200,0)
set(10,0,16800,0)
set(10,0,22400,0)
set(10,0,28000,0)p
set(10,0,33600,0)p
set(10,0,39200,0)p
set(12,1520,44830,-30)p
set(14,3040,49410,0)
chk(40,3040,47660,0)r
set(10,7590,49410,90)p
set(10,13190,49410,90)
set(32,13581,49760,-90)pr
set(10,18790,49410,90)
set(32,19684,49060,-90)
set(32,17850,49760,-90)
set(32,15560,49060,-90)pr
set(10,24390,49410,90)
set(32,21590,49760,-90)pr
set(10,35590,49410,90)
chk(40,36881,49410,90)r
set(14,40140,49410,-90)pt
set(14,40140,45910,180)pt
set(10,35590,45910,-90)p
set(10,24390,45910,-90)
set(32,23426,49060,-90)
chk(40,29875,45910,90)r
set(10,13190,45910,-90)
chk(40,18779,45910,90)r
set(14,8640,45910,0)pt
set(12,7120,41330,-30)p
set(10,5600,35700,0)
chk(40,5600,35992,0)r
set(10,5600,30100,0)
set(32,5950,31732,180)
set(32,5250,31732,180)pr
set(10,5600,24500,0)p
set(10,5600,18900,0)
set(13,7120,13270,30)
set(12,4080,13270,-30)
set(31,0,17309,0)pr
set(10,2560,7640,0)
set(23,2560,4840,0)
set(26,2560,7215,180)pr
set(23,2560,-760,180)
set(10,2560,-3560,0)
set(10,3040,-16860,0)p
set(13,1520,-11230,30)p
set(10,0,-5600,180)
set(26,2560,-3435,0)pr
set(13,4080,-9190,210)
set(14,5600,-13770,90)
chk(40,5600,-12414,0)r
set(10,10150,-13770,90)
set(10,15750,-13770,90)
set(10,21350,-13770,90)
set(29,17390,-13770,90)
set(10,26950,-13770,90)
set(28,27131,-13770,90)
set(10,32550,-13770,90)
set(10,38150,-13770,90)
set(14,42700,-13770,180)
set(12,44220,-9190,-30)
set(10,45740,-3560,0)
chk(40,45740,-5359,0)r
set(10,45740,2040,0)
fix(41,45740,12788,-4000,0)
set(23,45740,9578,180)
set(23,45740,32840,0)
set(10,45740,35640,0)
set(10,45740,41240,0)
chk(40,45740,41610,0)r
set(14,45740,45790,0)
set(14,49240,45790,-90)
set(10,49240,41240,0)
chk(40,49240,41643,0)r
set(10,49240,35640,0)
set(10,49240,30040,0)
set(10,49240,24440,0)
fix(41,45740,17452,-5500,0)
set(10,49240,18840,0)
set(28,49240,21479,0)
set(10,49240,13240,0)
set(10,49240,7640,0)
set(31,45740,8149,0)
set(10,49240,2040,0)
set(10,49240,-3560,0)
set(12,47720,-9190,-30)
set(10,46200,-14820,0)
set(10,46200,-19370,180)
chk(40,46200,-18780,0)r
set(14,46200,-23920,180)
set(22,43890,-23920,-90)
set(18,40530,-23920,-90)
set(36,40600,-26360,180)
set(25,40600,-25380,180)
set(18,34930,-23920,-90)
set(36,34720,-26360,180)
set(36,36680,-26360,180)
set(36,38640,-26360,180)
set(25,34720,-25380,180)
set(25,36680,-25380,180)
set(25,38640,-25380,180)
set(18,29330,-23920,-90)
set(36,28840,-21320,0)
set(36,30800,-21320,0)
set(36,32760,-26360,180)
set(25,28840,-23100,180)
set(25,30800,-23100,180)
set(25,32760,-25380,180)
set(18,23730,-23920,-90)
set(36,22960,-21320,0)
set(36,24920,-21320,0)
set(36,26880,-21320,0)
set(25,22960,-23100,180)
set(25,24920,-23100,180)
set(25,26880,-23100,180)
set(18,18130,-23920,-90)
set(36,17080,-26360,180)
set(36,19040,-26360,180)
set(36,21000,-26360,180)
set(25,17080,-25380,180)
set(25,19040,-25380,180)
set(25,21000,-25380,180)
set(18,12530,-23920,-90)
set(36,13160,-26360,180)
set(36,15120,-26360,180)
set(25,13160,-25380,180)
set(25,15120,-25380,180)
set(22,9170,-23920,90)
set(22,8050,-23920,-90)
set(22,6930,-23920,90)
set(22,5810,-23920,-90)
set(22,5350,-23920,90)
chk(40,5250,-23920,90)r
set(14,3040,-23920,90)
set(10,3040,-19370,180)
chk(40,0,-7920,0)r
set(24,34410,36000,-90)
set(16,31610,36000,-90)
set(15,26010,36000,-90)
set(34,25909,36000,90)
set(16,20410,36000,-90)
set(24,17610,36000,90)
set(24,34410,28000,-90)
set(16,31610,28000,-90)
set(15,26010,28000,-90)
set(34,25909,28000,90)
set(16,20410,28000,-90)
set(24,17610,28000,90)
set(24,34410,20000,-90)
set(16,31610,20000,-90)
set(15,26010,20000,-90)
set(34,25909,20000,90)
set(16,20410,20000,-90)
set(24,17610,20000,90)
set(24,34410,12000,-90)
set(16,31610,12000,-90)
set(15,26010,12000,-90)
set(34,25909,12000,90)
set(16,20410,12000,-90)
set(24,17610,12000,90)
set(24,34410,4000,-90)
set(16,31610,4000,-90)
set(15,26010,4000,-90)
set(34,25909,4000,90)
set(16,20410,4000,-90)
set(24,17610,4000,90)
set(24,34410,-4000,-90)
set(16,31610,-4000,-90)
set(15,26010,-4000,-90)
set(34,25909,-4000,90)
set(16,20410,-4000,-90)
set(24,17610,-4000,90)
set(23,8640,15131,180)
set(10,8640,13131,180)
fix(41,8640,5451,-800,0)
set(23,8640,5451,0)
set(30,8640,7131,180)pl
set(world/singlewallroad,18790,45910,-90)
set(world/singlewallroad,29990,45910,-90)
set(world/singlewallroad,29990,49410,90)

maxl(17,-4425,-26282)
maxb(12,-28682,-2025)
maxr(17,53175,-26282)
maxt(12,52917,-2025)

stagemaker(Ultimato)
publish(1)

